Name        TYCHO_1       HIP      dec                     dec_error             parallax                parallax_error        ra                   ra_error              source_id             G_mean               Err_G                   RRt_1   <Vmag>   e_<Vmag>   AV      Met_ZW   <Kmag>   e_<Kmag>   <W1mag>   e_<W1mag>   LogP                   Err_[Fe/H]   Met_Harris             
  IK_Hya      6675-28-1     58907    -27.678890445394522     0.10363499862036454   1.2469815854957242      0.29159835499521347   181.1966680748341    0.2054142000864661    3486473753028871808   10.024611099567544   0.010865088771416273    AB      10.113   0.018      0.186   -1.36    8.758    0.036      8.729     0.0080      -0.18681947881272964   0.2          -1.3000000143051147    
  FW_Lup      7839-1841-1   75234    -40.926796690346876     0.1625429881762945    2.7430770672463387      0.2362778356519223    230.60573504953032   0.23683232290665956   6005656893165960704   8.89283084524589     0.01181022333247985     AB      9.02     0.012      0.295   -0.59    7.659    0.042      7.642     0.013       -0.3149752142099811    0.2          -0.5299999737739562    
  SW_And      1737-1702-1   1878     29.400928769965176      0.3103195036278571    1.765464718966236       0.26120297797500186   5.929508401106128    0.17505201988609226   2857456207478683776   9.629005337838553    0.032469337222018974    AB      9.712    0.0090     0.113   -0.38    8.509    0.034      8.464     0.0090      -0.3542830686367278    0.2          -0.3199999952316284    
  CI_And      2828-830-1    8939     43.765683909977994      0.18547932368430697   0.37919526007900006     0.2654614696074129    28.784551060739517   0.2456068152817248    349612811796499584    12.033287753738191   0.029820326575423745    AB      12.244   0.018      0.211   -0.83    10.929   0.035      10.978    0.0060      -0.314437379059779     0.2          -0.7699999833106994    
  WY_Ant      6630-1689-1   50289    -29.728658449090226     0.1664696733004681    0.8280155206118993      0.22792308060263677   154.02078244206714   0.1547260177508618    5461994297841116160   10.77770985465293    0.013125737745660986    AB      10.862   0.0060     0.223   -1.66    9.625    0.037      9.53      0.01        -0.24078556292518938   0.2          -1.5999999666213989    
  TY_Aps      9266-2648-1   72444    -71.32827419908874      0.1737648985547384    0.7584181313265164      0.2585218796743757    222.20789063783968   0.19426649349564376   5797234602876902272   11.708569817519454   0.018180718841026452    AB      11.87    0.012      0.52    -1.21    10.451   0.039      10.332    0.0060      -0.29955591275883575   0.2          -1.1500000381469726    
  SW_Aqr      528-1261-1    104930   0.07611921380963108     0.2067297874482       0.761060661537844       0.23006477134781425   318.8242061880042    0.185125863660169     2689556486950807040   11.206767738846175   0.04161865922987836     AB      11.176   0.0050     0.233   -1.24    10.056   0.037      10.071    0.045       -0.3378090108539519    0.2          -1.180000009536743     
  SX_Aqr      546-661-1     106645   3.2303690402922736      0.20339151999303398   0.6368332702140537      0.2841801667938584    324.03501487883136   0.22352429064439633   2697816774212075904   11.845503624010881   0.012854249322713644    AB      11.754   0.0070     0.148   -1.83    10.639   0.036      10.58     0.0090      -0.2710783348396396    0.2          -1.7700000429153442    
  BR_Aqr      5829-1043-1   116664   -9.318776858993584      0.14893355054611362   0.8245585448834541      0.28470789958217474   354.6370863474009    0.25529183979908376   2438710605654285312   11.45044483619587    0.01723911923321815     AB      11.45    0.0070     0.083   -0.84    10.369   0.037      10.299    0.017       -0.3170430678114661    0.2          -0.7799999737739562    
  DN_Aqr      6973-1111-1   115135   -24.216403716546907     0.25737978224178615   0.5287790201126666      0.24609028418818613   349.8218859562704    0.19041454666575408   2381771777534596864   11.087081193786188   0.019971104139121818    AB      11.182   0.0080     0.077   -1.63    9.901    0.037      9.897     0.022       -0.3768541252634236    0.2          -1.5699999952316284    
  V0341_Aql   510-1223-1    101356   0.5851761557434676      0.21826313316489138   0.7453555275406097      0.2521849509745189    308.131613527343     0.20920223391150072   4229920119381310080   10.840617229112503   0.046104610480369415    AB      10.865   0.0070     0.045   -1.37    9.733    0.038      9.653     0.0060      -0.2379219257023621    0.2          -1.3100000047683715    
  MS_Ara      8743-2210-1   88402    -52.72253272078445      0.45491373213842495   0.739740837429035       0.46855508544278035   270.76782697691345   0.3412336403827534    6701723997807118464   11.909033525686123   0.03203111256010328     AB      12.047   0.018      0.435   -1.48    10.662   0.037      10.581    0.0070      -0.27984071631668606   0.2          -1.4200000190734863    
  X_Ari       651-83-1      14601    10.445522754317608      0.15630528003869532   2.0247242375026517      0.2227813944674136    47.12896831762014    0.20710380141487808   15489404416044288     9.53768019422588     0.014997364668389515    AB      9.551    0.0050     0.537   -2.4     7.938    0.036      7.865     0.0090      -0.18628561047212502   0.2          -2.3400000953674316    
  TZ_Aur      2948-760-1    34743    40.776956552410645      0.25520155178286424   0.8371984582792241      0.3072400770125215    107.89590136391277   0.17124705711999366   949205983077666944    11.904408494236613   0.01517881741856702     AB      11.909   0.018      0.301   -0.8     10.669   0.036      10.77     0.0090      -0.4070464289279548    0.2          -0.7400000119209289    
  RS_Boo      2553-1108-1   71186    31.754612518191525      0.19449170633377927   1.5163794450360284      0.279617058359891     218.38841311634582   0.14836056466312422   1286188051969685632   10.397889788729389   0.024932500412367165    AB      10.374   0.018      0.036   -0.32    9.522    0.038      9.388     0.0060      -0.4231980917150943    0.2          -0.25999999284744263   
  ST_Boo      2570-206-1    75942    35.78448361570103       0.3131377778487479    0.6885569479201098      0.3261622742823025    232.66337173371346   0.21042594324658123   1374971554328855424   11.000804910341952   0.015958958948425996    AB      11.014   0.018      0.065   -1.86    9.933    0.035      9.807     0.0050      -0.206000178915739     0.2          -1.8000000143051147    
  TW_Boo      3046-992-1    72115    41.02870723614103       0.18465394327694662   0.715698661270861       0.23592551938349093   221.27477329958845   0.14610522719792193   1489614951696832512   11.257742421283982   0.019607956190971713    AB      11.264   0.018      0.041   -1.41    10.176   0.036      10.108    0.0040      -0.27384353756206076   0.2          -1.3499999666213989    
  UY_Boo      907-1037-1    68292    12.951599235644021      0.12864508188808962   0.21477822388701373     0.25960562548142013   209.69308025665993   0.22799939604118993   3727833391597367424   10.885885449011813   0.024987265256779478    AB      10.923   0.0090     0.1     -2.56    9.82     0.036      9.685     0.0060      -0.18648572425845755   0.2          -2.499999942779541     
  TT_Cnc      808-590-1     41936    13.191100977065824      0.23147953312604802   0.8006849225889321      0.39637477147534833   128.22974568522608   0.3167359913496874    603291103764056960    11.209881998351438   0.022117555967068485    AB      11.341   0.0070     0.13    -1.58    9.973    0.034      9.92      0.0040      -0.24910608954044644   0.2          -1.5200000429153442    
  W_CVn       3034-976-1    68908    37.82811120442067       0.16724385330289568   1.2756370554080656      0.23672483835739902   211.61648898943034   0.12320803022624653   1483653708889398656   10.501867770951964   0.018884737375002413    AB      10.548   0.012      0.015   -1.21    9.38     0.035      9.33      0.0060      -0.25821829394904705   0.2          -1.1500000381469726    
  RZ_CVn      2540-1136-1   67087    32.654641716008975      0.1424284511340832    0.6488076808887078      0.25573773983614356   206.26230558457382   0.13768532455841564   1458363360901873152   11.62260564719282    0.011214075842585967    AB      11.519   0.012      0.042   -1.92    10.48    0.036      10.401    0.0050      -0.24603413778396294   0.2          -1.8599999570846557    
  SS_CVn      3027-152-1    67354    39.90065707416486       0.12571646790148833   0.377407620050748       0.2288177335490596    207.06646772225278   0.12830184096539837   1497236182185018880   11.843072329100943   0.015580250327942479    AB      11.889   0.018      0.02    -1.52    10.938   0.036      10.823    0.0040      -0.3200273099197213    0.2          -1.4599999809265136    
  UZ_CVn      3018-255-1    61029    40.508790651396055      0.15525676273970787   0.40744589336713        0.246898548600945     187.6153946057252    0.19788555813418926   1533880980593444352   12.02460788966855    0.018097626021350295    AB      12.099   0.018      0.057   -1.89    10.889   0.037      10.833    0.0050      -0.15620680339512044   0.2          -1.8299999856948852    
  AA_CMi      164-182-1     35281    1.7277924818848074      0.15780728890388346   0.8194698271404666      0.23064935247928275   109.3298618786657    0.16545461440334502   3111925220109675136   11.51321531797613    0.022217436534829643    AB      11.552   0.018      0.257   -0.55    10.287   0.036      10.221    0.01        -0.32202825818699315   0.2          -0.49000001192092896   
  RV_Cap      6345-376-1    103755   -15.22991531968812      0.24447577074800161   0.27501908449408097     0.2679306581215845    315.370384467622     0.23522940621610275   6883653108749373568   11.152053195457142   0.023142991708534528    AB      11.04    0.0060     0.126   -1.72    9.789    0.038      9.964     0.012       -0.34891590062920463   0.2          -1.6600000286102294    
  V0363_Cas   4014-1751-1   1222     60.34045889404856       0.15718713347666782   0.7609630661929305      0.22982605378610205   3.8097096744811307   0.1585452181331604    429162271910068352    10.164500621558547   0.010086162170269242    AB      10.548   0.012      1.133   -0.72    8.283    0.034      8.277     0.0030      -0.262409812115008     0.2          -0.6600000286102294    
  V0499_Cen   7802-553-1    67976    -43.24032489121693      0.5283242636981156    0.8032534655734024      0.7334476651376679    208.81159624265197   0.30755318451916674   6108774866054295168   10.97964213928347    0.05204030470533913     AB      11.101   0.0080     0.249   -1.56    9.926    0.038      9.829     0.0070      -0.28291226021573634   0.2          -1.499999942779541     
  RU_Cet      5848-2292-1   4725     -15.95776855170253      0.13275860162967815   0.7338493217584706      0.24775835611574007   15.168029082982434   0.22549821118019558   2371321778506174976   11.64714460603227    0.016559626974240665    AB      11.638   0.0090     0.071   -1.6     10.501   0.038      10.519    0.0080      -0.2318800943711588    0.2          -1.5400000238418579    
  RV_Cet      5281-1037-1   10491    -10.800286540482498     0.21965158029802384   0.9474241977430821      0.32435148080891657   33.81221591742876    0.2577627049369927    5151789460253603968   10.681969537896466   0.02059373511326588     AB      10.886   0.0090     0.073   -1.32    9.468    0.038      9.558     0.0040      -0.20516354949246415   0.2          -1.2600000524520873    
  RX_Cet      5847-1684-1   2655     -15.487691892816452     0.18780562484930405   0.996868268808671       0.3246248742053237    8.40938752920602     0.2728755102128236    2373827050109860992   11.357493580154506   0.016834791064326123    AB      11.428   0.0090     0.075   -1.46    10.277   0.037      10.163    0.016       -0.2414665947341595    0.2          -1.4000000381469726    
  RZ_Cet      5282-84-1     11517    -8.3583654895927        0.19786104300957577   0.4615517970925238      0.28985011798004096   37.13524989497499    0.24006297023526846   5176548537965653120   11.874754423365243   0.017919931042356476    AB      11.836   0.0090     0.09    -1.5     10.828   0.038      10.605    0.0070      -0.29183415284960296   0.2          -1.44                  
  RY_Col      7591-1523-1   24471    -41.62815316100513      0.4667870767081454    1.5351018346600758      0.4024338554988498    78.78261811081856    0.16334310085692635   4818854968540980608   10.776159367130386   0.0340594459376046      AB      10.906   0.0090     0.079   -1.11    9.737    0.036      9.774     0.0060      -0.3197551760598329    0.2          -1.0500000143051147    
  S_Com       1991-1486-1   61225    27.029211826725216      0.1754064172003539    0.42512819669412        0.3154463543440531    188.190020152751     0.16418260946183122   3960906320265637888   11.727362598956645   0.02202023768190777     AB      11.609   0.0080     0.059   -2.0     10.665   0.035      10.529    0.0090      -0.23158389533524695   0.2          -1.94                  
  ST_Com      1457-102-1    64875    20.780624209649073      0.1685218812836574    0.36981051760969547     0.30423411562624764   199.463830856626     0.2527286666513954    3940418398550912512   11.38956956184219    0.015042084590232804    AB      11.438   0.0090     0.072   -1.26    10.191   0.036      10.139    0.0090      -0.22257319420536642   0.2          -1.1999999904632568    
  V0413_CrA   7915-350-1    92244    -37.73970052069169      0.26919018125053096   0.8571333030728315      0.2714100274691188    281.98989345981613   0.17298960552450837   6730211038418525056   10.435961717571082   0.01730252909566149     AB      10.581   0.0090     0.295   -1.21    9.156    0.036      9.092     0.01        -0.22958987333477182   0.2          -1.1500000381469726    
  TV_CrB      2028-1124-1   75225    26.877125007888104      0.14507599254010436   0.5258929504872971      0.24906462374762878   230.58931206596858   0.14059647707188194   1270551003758183680   11.953418860027405   0.012160581388630763    AB      11.875   0.012      0.101   -2.33    10.792   0.037      10.679    0.0060      -0.23306691480465397   0.2          -2.2699999237060546    
  W_Crt       6088-1749-1   55825    -17.914408074272096     0.15901818970988998   0.9088308106526516      0.2775870631775919    171.62345043504519   0.24133979345949305   3546458297076978944   11.567342168267176   0.01708761785586448     AB      11.536   0.0070     0.123   -0.5     10.533   0.038      10.458    0.012       -0.3856301531545733    0.2          -0.44                  
  X_Crt       5520-554-1    57625    -10.441413595310115     0.18723133499700623   0.6330899520334696      0.4708017100021756    177.23425633012542   0.4025302043768886    3587566356779832448   11.377779514067667   0.012559003016091254    AB      11.465   0.0060     0.083   -1.75    10.148   0.038      10.106    0.0080      -0.13501453527079615   0.2          -1.69                  
  XZ_Cyg      3929-1961-1   96112    56.388091875110426      0.22103102433081007   1.5630078479864316      0.22618780378195363   293.122744699009     0.2348002063142924    2142052885197472000   9.850591255976877    0.02218169711980083     AB      9.697    0.0090     0.166   -1.52    8.747    0.036      8.609     0.0060      -0.3309622106073932    0.2          -1.4599999809265136    
  DX_Del      1097-846-1    102593   12.464107956455209      0.20295119565765843   1.6614868751239371      0.22392588154398868   311.86820501695775   0.18845473622388723   1760981190300823808   9.90382874730466     0.008064498437194291    AB      9.945    0.0060     0.248   -0.56    8.542    0.036      8.632     0.0080      -0.32541439787232423   0.2          -0.5000000023841857    
  VW_Dor      8905-975-1    29055    -66.97742847424243      0.29161467356443543   0.728833560122028       0.22334624911516793   91.94041006261025    0.1295563720247925    5283957629860435072   11.783703564091807   0.00976982135298091     AB      11.77    0.036      0.199   -1.24    10.581   0.037      10.511    0.0010      -0.2436682530755979    0.2          -1.180000009536743     
  RW_Dra      3884-2060-1   81238    57.83972895573836       0.22229279872696234   0.5846620629968052      0.23416658296546397   248.8816336991704    0.22574555491173107   1431291700999242112   11.694395469726848   0.019795242209822834    AB      11.659   0.018      0.035   -1.4     10.585   0.038      10.652    0.0020      -0.35369431775143784   0.2          -1.339999976158142     
  SU_Dra      4159-532-1    56734    67.32941428832058       0.17466677326095204   1.430360079322928       0.28377570937019353   174.48536311874156   0.23587581761459242   1058066258521694464   9.718486328234253    0.023781310788850492    AB      9.815    0.012      0.031   -1.74    8.617    0.035      8.581     0.0040      -0.1802586919382293    0.2          -1.680000009536743     
  SW_Dra      4394-761-1    59946    69.51059011378884       0.1899750303922792    1.0093007236306455      0.23141922191307362   184.44396537153625   0.20216235502274488   1683444626742055168   10.436425860356591   0.017935555772012134    AB      10.499   0.018      0.044   -1.24    9.316    0.036      9.278     0.0070      -0.24435377850770232   0.2          -1.180000009536743     
  XZ_Dra      4225-305-1    94134    64.8589417624784        0.25604265620621824   1.4279777130947973      0.20857829277320236   287.4276280308317    0.1807853383178422    2254366864099297024   10.248797123077988   0.015342861914311839    AB      10.244   0.012      0.136   -0.87    9.155    0.034      9.071     0.0040      -0.3218459698976554    0.2          -0.8100000047683715    
  BC_Dra      4570-56-1     89372    76.6857888680541        0.23401148448406572   0.5426306505356018      0.23328722108318675   273.57913979805153   0.21816924745703306   2269585754295172608   11.423737849457256   0.009251501037016678    AB      11.588   0.036      0.208   -2.0     10.088   0.037      10.069    0.0030      -0.14290883214608233   0.2          -1.94                  
  BK_Dra      4229-1189-1   94869    66.41344332823756       0.43598766348496254   0.70378739199488        0.43366072104372044   289.5859708170231    0.28874548037058856   2254942458436117120   11.27371589857043    0.01153256669390639     AB      11.169   0.018      0.097   -2.12    10.069   0.034      9.99      0.0040      -0.2276049211506339    0.2          -2.059999885559082     
  BT_Dra      4180-1364-1   72691    60.06903716088045       0.24172473374175535   0.3239388619068257      0.2340735561575153    222.93601800517197   0.2086309052058126    1617474891148520960   11.612965384145857   0.013193655957329435    AB      11.628   0.036      0.031   -1.55    10.399   0.039      10.398    0.0040      -0.23017975708367772   0.2          -1.4899999523162841    
  RX_Eri      5899-580-1    22442    -15.74121975060392      0.17483160310598087   1.8276698288954023      0.28372160452901923   72.43448037464205    0.16449224539727633   2981136559635823744   9.655694680351825    0.014556623424601347    AB      9.69     0.0050     0.174   -1.33    8.424    0.038      8.305     0.0040      -0.23113999725294984   0.2          -1.2700000429153442    
  SV_Eri      5297-700-1    14856    -11.354117946029074     0.18423021010172178   1.3360967679807296      0.26270156496308666   47.96717332013582    0.2191602539968525    5165689383172441216   9.832446292914085    0.019666998975869817    AB      9.948    0.0060     0.261   -2.04    8.637    0.037      8.533     0.0050      -0.1463625999984619    0.2          -1.9799999618530273    
  BB_Eri      5907-1032-1   22750    -19.43362618673471      0.21127252910922306   0.6745339951074459      0.302268771528534     73.40646587732135    0.17607100716366839   2976126944141674240   11.419629270249876   0.022625537069006003    AB      11.498   0.0090     0.148   -1.51    10.047   0.036      10.168    0.0080      -0.24404895180355554   0.2          -1.4499999904632568    
  SS_For      6432-1585-1   9932     -26.86633535563622      0.27030116999787074   1.6943262402380457      0.45183784895456675   31.966706321933124   0.25800979936271273   5117708894760403328   10.2990215802419     0.028569128806575597    AB      10.158   0.0070     0.044   -1.35    9.235    0.037      9.113     0.012       -0.304956342641485     0.2          -1.2900000238418579    
  SX_For      7027-701-1    16321    -36.053779575987456     0.20874323267849493   0.7718804693766497      0.26753079220158604   52.59330716808708    0.1452691205087838    4860671835287027584   11.077047639181806   0.011363907497452082    AB      11.099   0.0090     0.035   -1.62    9.778    0.037      9.817     0.0040      -0.21795756483938036   0.2          -1.5600000047683715    
  RR_Gem      2452-1683-1   35667    30.88318861139592       0.19818905909061107   0.7416523571731399      0.25920472474016165   110.38971254230876   0.21281819307162328   886793511196722432    11.068241697765835   0.04029311745455795     AB      11.369   0.012      0.238   -0.35    10.279   0.036      10.211    0.0070      -0.4008814295237648    0.2          -0.2899999940395355    
  SZ_Gem      1371-838-1    38561    19.27319702649527       0.14126308248640368   0.7126375505665486      0.2893347382979133    118.43102298368105   0.2606122575480439    670266858138317440    11.823888039367159   0.019773188897946072    AB      11.738   0.012      0.157   -1.81    10.715   0.036      10.627    0.012       -0.2999889200762558    0.2          -1.749999942779541     
  TW_Her      2608-2414-1   87681    30.410456416653517      0.26339727472148267   0.648750603050315       0.3079508822798279    268.63001985963916   0.24358182504886905   4596935588904631040   11.316870056698129   0.02406461420926028     AB      11.274   0.018      0.172   -0.67    10.238   0.034      10.218    0.0060      -0.39837452132705914   0.2          -0.6100000166893005    
  VX_Her      1510-178-1    80853    18.366908926220816      0.14515352621203992   0.9040732508971463      0.24213984343308423   247.66978659620906   0.15449397410849716   4467433013440949376   10.840123690731168   0.020732655131913753    AB      10.687   0.0070     0.135   -1.52    9.576    0.036      9.57      0.014       -0.3416069831794293    0.2          -1.4599999809265136    
  VZ_Her      2603-1830-1   84233    35.97854172190978       0.30039744987680606   0.8130651910003296      0.3470784057251959    258.26658641351725   0.24296180223626185   1338388088052805888   11.57655957623927    0.02153735777250105     AB      11.479   0.018      0.084   -1.03    10.499   0.035      10.461    0.0050      -0.3561526853742021    0.2          -0.9699999713897705    
  AR_Her      3491-487-1    78417    46.92389160997422       0.2181980454505475    0.44695046492810026     0.24350009012708695   240.1339291462431    0.19974101333965774   1398766016745955584   11.302560976914883   0.026622873997757035    AB      11.241   0.0090     0.038   -1.4     10.406   0.039      10.241    0.0050      -0.327902143165813     0.2          -1.339999976158142     
  SV_Hya      6686-81-1     61031    -26.04746772476291      0.32826555277081376   1.3201931335683548      0.24443311926244865   187.62692734702793   0.16103129327619375   3499611302073156736   10.54142347147507    0.021693823815123633    AB      10.512   0.0070     0.245   -1.7     9.372    0.036      9.347     0.0070      -0.3200273099197213    0.2          -1.6400000476837158    
  SZ_Hya      5458-44-1     45292    -9.319282741824576      0.4368325774555976    1.6598419453740858      0.42293548678703635   138.4533630596368    0.23628174605771346   5743059534671356416   11.27598695817937    0.019062506735199547    AB      11.277   0.018      0.114   -1.75    10.255   0.038      10.147    0.012       -0.2697023320455118    0.2          -1.69                  
  WZ_Hya      5496-429-1    50073    -13.138247351837927     0.1698674874677463    0.5932669895438567      0.3362967513663857    153.35051027890242   0.2888165987507317    3765574712337027456   10.834214452688434   0.02189188213463316     AB      10.88    0.0090     0.229   -1.39    9.613    0.036      9.593     0.0090      -0.26945996560261637   0.2          -1.3299999856948852    
  V_Ind       8422-875-1    104613   -45.074905122413846     0.1906360008141833    1.1039658641817085      0.27261744414022676   317.87416071630406   0.19148470829341083   6483680327939151488   10.043441186946742   0.02297573876238956     AB      9.957    0.0090     0.132   -1.5     8.992    0.038      8.819     0.0090      -0.31903028235433784   0.2          -1.44                  
  SS_Leo      4930-316-1    56409    -0.033448546920154795   0.47260609229979905   1.1343844540008146      0.7189349345750069    173.47695078508      0.632495931740417     3797319365376869632   11.10334124761911    0.018688382708393146    AB      11.074   0.0060     0.054   -1.83    9.947    0.037      9.851     0.0090      -0.20314825518179108   0.2          -1.7700000429153442    
  ST_Leo      860-138-1     56785    10.561441041336291      0.20694794535733943   0.7216776437989936      0.31920034600979724   174.63612593392875   0.26606496029984483   3915998554534971136   11.565505095860853   0.019398663683310138    AB      11.516   0.0070     0.115   -1.29    10.29    0.038      10.389    0.018       -0.32057211681825815   0.2          -1.2299999618530273    
  U_Lep       5912-332-1    22952    -21.217477963495188     0.18419308619431976   1.1594257998336932      0.23511093105256606   74.07512089479869    0.11235853965657336   2973463342863091456   10.670310669751224   0.01994844902863619     AB      10.602   0.0060     0.083   -1.93    9.569    0.038      9.419     0.0050      -0.2353755943867888    0.2          -1.8699999475479125    
  VY_Lib      6186-22-1     77663    -15.751149184786568     0.0924068996396545    1.0902416678582112      0.34365888945347717   237.82077303682442   0.31524401725919965   6262626676272369280   11.616490018092122   0.010247517053828896    AB      11.724   0.0090     0.588   -1.32    10.03    0.036      10.041    0.017       -0.2724587596470489    0.2          -1.2600000524520873    
  TT_Lyn      2989-1709-1   44428    44.5854119119927        0.2676501333789364    1.5294294236470443      0.40093806724786424   135.78195297351004   0.25517856716367526   1009665138191506432   9.781394306214624    0.010755860388134957    AB      9.848    0.036      0.052   -1.59    8.61     0.035      8.551     0.0050      -0.22286330901413368   0.2          -1.530000033378601     
  TW_Lyn      2967-176-1    37805    43.11155876330893       0.17829274284815036   0.49559192949566533     0.2855464936817691    116.27626369752072   0.19843312610514818   924355886418231680    11.840289478919107   0.018704603985923468    AB      11.979   0.018      0.157   -1.23    10.776   0.036      10.707    0.0070      -0.3170430678114661    0.2          -1.1700000190734863    
  RR_Lyr      3142-494-1    95497    42.78354309939692       0.21478636916552005   3.6386334760670316      0.2334715889254183    291.36568177497475   0.2098502116644588    2125982595039626368   7.640656128793154    0.031192109649624326    AB      7.755    0.0090     0.16    -1.37    6.519    0.034      6.453     0.014       -0.2464935316117154    0.2          -1.3100000047683715    
  CN_Lyr      2119-755-1    91634    28.722527461337997      0.2145672617589522    1.0195248201209453      0.23538156159071835   280.31643269263395   0.18171076106293513   4539434120069033856   11.271174792476318   0.008591114286715993    AB      11.468   0.036      0.686   -0.26    9.935    0.036      9.84      0.0070      -0.3856301531545733    0.2          -0.19999999046325684   
  EZ_Lyr      2650-506-1    92221    35.992808292434404      0.1873076501605849    0.6867792243293898      0.2149339485706651    281.918087171637     0.1586257976936264    2093443098171439104   11.100553054761807   0.0024331855762926373   AB      11.558   0.036      0.071   -1.56    10.43    0.035      10.446    0.021       -0.2795925777509117    0.2          -1.499999942779541     
  Z_Mic       7472-67-1     105026   -30.284214003996617     0.16601869794127935   1.0495337340866482      0.26178639419876915   319.0946706842858    0.1856378788479221    6787617914888746368   11.427449872615913   0.014719386636617997    AB      11.612   0.0090     0.286   -1.28    10.113   0.037      10.046    0.037       -0.23136188957984485   0.2          -1.2199999713897705    
  RV_Oct      9512-1029-1   67227    -84.40171012139544      0.19169997074426584   1.134669501050365       0.23169444530541383   206.63079048691426   0.1687228570613255    5769986333917619968   10.63280992250504    0.024100259668435542    AB      10.978   0.012      0.395   -1.34    9.516    0.037      9.445     0.0050      -0.2432117912255414    0.2          -1.280000033378601     
  RY_Oct      9478-890-1    106649   -77.30388009822613      0.2543428830516184    0.4400388154435123      0.2653835524499831    324.038783211934     0.19635577244189187   6356371759209904512   11.884037229224804   0.03886923165005297     AB      12.047   0.018      0.345   -1.83    10.864   0.037      10.706    0.0080      -0.24910608954044644   0.2          -1.7700000429153442    
  UV_Oct      9522-447-1    80990    -83.90341794114586      0.19152002989045583   2.0161458395017062      0.2253502271384853    248.10410615065274   0.2100675411167869    5768557209320424320   9.510959516914511    0.0112168765364097      AB      9.498    0.0080     0.295   -1.61    8.296    0.037      8.149     0.0050      -0.2655202297336654    0.2          -1.5500000143051147    
  V0445_Oph   5047-712-1    80402    -6.541618204531041      0.13584811075309752   1.9011152253640295      0.46141772329244435   246.17171949319277   0.35642057937645016   4352084485521550720   10.85044608250149    0.01864158813753083     AB      11.015   0.0060     0.865   -0.23    9.264    0.036      9.174     0.0070      -0.4009907728980589    0.2          -0.17000000417232514   
  WY_Pav      8750-727-1    87804    -57.16219563258899      0.303430380820414     0.4180821266960862      0.2588486683282616    269.0513189165445    0.2427488127747211    5918501423941085824   11.745572152196388   0.01292749162876866     AB      12.141   0.012      0.398   -0.98    10.552   0.039      10.524    0.0050      -0.23017975708367772   0.2          -0.9200000190734863    
  AV_Peg      2202-1379-1   107935   22.574791398358418      0.2017754383044956    1.5254420139238178      0.2289165987077474    328.0117080755498    0.19904254773181165   1793460110951463424   10.418305598927004   0.029161837815121255    AB      10.485   0.0070     0.303   -0.44    9.377    0.035      9.296     0.0070      -0.40849019938645853   0.2          -0.3799999976158142    
  BH_Peg      1698-111-1    112994   15.787682328746858      0.12996505829983593   1.3977836358390416      0.22110404428151773   343.25421507264076   0.198111713513849     2828497064068310784   10.363889988928939   0.013651216695734233    AB      10.446   0.0070     0.236   -1.38    9.084    0.035      8.968     0.0080      -0.19253262231549767   0.2          -1.3199999952316284    
  CG_Peg      2193-904-1    107078   24.77344983683942       0.2274878651766997    1.4370270039820487      0.6705289094101968    325.31992745415073   0.6046759334678778    1797739513285655808   11.058872543292784   0.025665732457364636    AB      11.168   0.0090     0.261   -0.48    9.986    0.033      9.843     0.0040      -0.33049715565651544   0.2          -0.41999998927116394   
  AR_Per      3332-1444-1   19993    47.4001370189184        0.143742627506697     1.9884989803410016      0.2359668413688079    64.32162680294716    0.2467746159498712    234108359386230784    10.28550548281965    0.01727290535105189     AB      10.47    0.012      0.97    -0.43    8.659    0.037      8.564     0.0070      -0.37099838859557754   0.2          -0.3700000071525574    
  RV_Phe      8455-21-1     115870   -47.453678956287106     0.123020225821952     0.63869644240773        0.2445110520542046    352.1313291025593    0.11025305717149604   6526559494716694272   11.831913204834432   0.011566520895697013    AB      11.882   0.0080     0.023   -1.6     10.766   0.038      10.616    0.0050      -0.2243895669220102    0.2          -1.5400000238418579    
  U_Pic       8083-387-1    22466    -50.65699963850723      0.441631379206634     0.7716822903251345      0.36049983357304893   72.52757815353709    0.29686987110474305   4784552714015117312   11.478785559986333   0.013517539615468045    AB      11.352   0.0080     0.027   -0.73    10.386   0.036      10.314    0.0030      -0.3561526853742021    0.2          -0.6700000190734863    
  XX_Pup      5996-727-1    39849    -16.533248489436147     0.12873222696488038   0.7727349974462595      0.26332483021161573   122.11754382107044   0.2226623704476588    5721192378699544960   11.398748089727013   0.014299502608881354    AB      11.237   0.0090     0.192   -1.42    10.084   0.038      10.007    0.019       -0.2863414895574277    0.2          -1.3599999570846557    
  HH_Pup      8120-896-1    35584    -46.708356026080146     0.20363927810005683   1.1929285383749701      0.21385822251261685   110.14817499536699   0.16610495453547242   5510293232308723712   11.342560891375118   0.024770107425653626    AB      11.282   0.0090     0.577   -0.69    9.953    0.037      9.87      0.0040      -0.408045445801116     0.2          -0.6299999976158142    
  HK_Pup      5418-876-1    37779    -13.098977899028935     0.1588510010392639    0.5283310605322036      0.26156822298678073   116.19509474609454   0.2070330803553549    3030561875047012352   11.265073023868483   0.014580956925322847    AB      11.334   0.012      0.067   -1.26    9.928    0.038      9.844     0.0050      -0.13412646152663457   0.2          -1.1999999904632568    
  V0338_Pup   8104-1448-1   31400    -45.30857364978574      0.20422358692786308   1.7809058361355135      0.22788191014589862   98.73153544504717    0.1999939722044676    5555745531172521344   9.034165797061949    0.003939463654856712    AB      9.143    0.037      0.035   -2.16    7.826    0.038      7.727     0.0060      -0.09832376992020223   0.2          -2.1000000858306884    
  V0440_Sgr   6889-1242-1   96101    -23.853773065352097     0.3566873814395816    1.2780043963285577      0.41680760117436905   293.0865737749785    0.10664140567566437   6771307450164337920   10.394146668890304   0.023099971193699533    AB      10.322   0.012      0.346   -1.47    9.09     0.038      9.034     0.0060      -0.32102663166983814   0.2          -1.4100000286102294    
  V0494_Sco   7376-369-1    86512    -31.542192576400037     0.3251373476144124    1.0564133360056287      0.3040056265369184    265.201984153505     0.31379732239596414   4055098870077726976   11.349785892790202   0.019305882597829466    AB      11.33    0.0090     0.588   -1.01    10.33    0.042      NA        NA          -0.369267100930915     0.2          -0.9499999904632568    
  V0690_Sco   7890-1497-1   87922    -40.557594692049975     0.2985060047516225    0.8594407336939288      0.24267595484253957   269.41099540552625   0.31222726571597403   4035521825030647552   11.24456522823381    0.02231546177790938     AB      11.419   0.012      0.375   -1.11    10.168   0.037      10.022    0.0090      -0.3077701609040812    0.2          -1.0500000143051147    
  RU_Scl      6412-619-1    226      -24.945373414532995     0.1411606935028837    1.5224982244418597      0.2971394654143785    0.7006759900530274   0.2479650541614843    2336550169954917376   10.328618518783285   0.013661505931096966    AB      10.218   0.0070     0.055   -1.25    9.222    0.036      9.143     0.015       -0.30680084825674564   0.2          -1.19                  
  VW_Scl      7534-870-1    6094     -39.21261451053282      0.127534026553832     1.1126296954612442      0.3324701809744796    19.562504306081944   0.15230328182957836   4985455994038393088   11.181084587610382   0.013801292107333612    AB      11.029   0.013      0.048   -1.06    10.109   0.037      10.007    0.0080      -0.29157911891249716   0.2          -0.999999942779541     
  VX_Scl      7005-642-1    7398     -35.128608709298376     0.11576789422227204   0.6970413387497527      0.23909132140283243   23.848775374612405   0.1311153261297055    5011834343140631040   11.895972749931714   0.012766515220217694    AB      11.999   0.018      0.044   -2.25    10.911   0.039      10.749    0.0080      -0.19579240765981976   0.2          -2.19                  
  AN_Ser      951-213-1     77830    12.961104599434215      0.11138559646622928   0.7711635623688297      0.2853886776196823    238.37938957259647   0.19415644448144656   1191509999055192960   10.984767491816818   0.017829323745323387    AB      10.961   0.0090     0.124   -0.04    9.831    0.036      9.771     0.011       -0.28224633027060003   0.2          0.02000000089406967    
  AT_Ser      943-703-1     77997    7.9887427305417456      0.14867965346867743   0.5096787537935361      0.30164171668099315   238.9181995771983    0.22547830528151108   4454183795247850880   11.419231792408716   0.014865896705295055    AB      11.492   0.0070     0.114   -2.03    10.214   0.036      10.147    0.0090      -0.1269701790617852    0.2          -1.9699999713897705    
  RW_TrA      9051-1868-1   83244    -66.66392155201319      0.16793081606772814   0.9597423467472663      0.2696310260223063    255.1944642154775    0.1185769414622365    5815008826813850368   11.224926917713873   0.011031465412344572    AB      11.347   0.0090     0.416   0.07     10.058   0.036      10.023    0.0060      -0.42701229218928866   0.2          0.13000000029802322    
  W_Tuc       8845-285-1    4541     -63.395736358220745     0.2496979100767166    0.718631771349771       0.24981273079388208   14.540500215135609   0.3389297500672514    4709830419187537920   11.639310740684405   0.007512328398519324    AB      11.433   0.0080     0.063   -1.64    10.34    0.037      10.304    0.015       -0.19226207140861445   0.2          -1.5799999856948852    
  RV_UMa      3850-662-1    66122    53.98720996247071       0.19875707273858825   0.7413465121269217      0.2309226247650131    203.32515630626014   0.1608415310861984    1561928422706459264   10.77121368466976    0.020206731363986184    AB      10.782   0.012      0.054   -1.19    9.841    0.036      9.723     0.0040      -0.32966134834342237   0.2          -1.130000057220459     
  TU_UMa      2523-441-1    56088    30.067104830487033      0.3395815917274914    1.4680622617849508      0.3127109777196086    172.45170635975103   0.2038702822892583    4022618712476736896   9.447260057163785    0.018866240174598703    AB      9.828    0.012      0.066   -1.44    8.662    0.036      8.593     0.01        -0.2542227630711093    0.2          -1.380000057220459     
  AB_UMa      3455-362-1    59411    47.828762593195556      0.16838501314722806   0.9348101900748149      0.26620098431843464   182.81068523312453   0.14853903349968067   1546016668386865792   10.732688594859122   0.010123701618119194    AB      10.899   0.018      0.068   -0.72    9.623    0.036      9.565     0.0040      -0.22213836345927976   0.2          -0.6600000286102294    
  AF_Vel      8207-1400-1   53213    -49.90638054182703      0.1695863066481149    1.1567042779594503      0.24731727156623548   163.26064691432958   0.21309388940624965   5360400626025377536   11.393580819972184   0.009855774057805968    AB      11.389   0.0080     0.407   -1.64    10.042   0.038      9.967     0.0090      -0.2777775576223575    0.2          -1.5799999856948852    
  ST_Vir      4977-480-1    70702    -0.9016846233171103     0.40269194977948314   0.8741522968658906      0.6130803166674107    216.91278745587852   0.4647966558145272    3652665554042358144   11.716309860313386   0.009540078254844623    AB      11.551   0.012      0.119   -0.88    10.67    0.037      10.532    0.011       -0.3862638621652318    0.2          -0.8199999952316284    
  UU_Vir      4939-145-1    59208    -0.45676283011916324    0.17592209341460735   1.3521275221230489      0.31567661240604894   182.145956162427     0.2580454659680068    3698725333080479104   10.686117437126315   0.02161186058323449     AB      10.588   0.0070     0.054   -0.82    9.276    0.037      9.456     0.0070      -0.3227581502216131    0.2          -0.7599999928474426    
  AF_Vir      324-600-1     70751    6.545534810169179       0.2349468912555161    0.6472765442827721      0.3568232221826026    217.04069506485004   0.22287265329869696   3670341509128973056   11.881219335500264   0.009291567271847235    AB      11.707   0.012      0.071   -1.46    10.699   0.038      10.684    0.0050      -0.31533414136749505   0.2          -1.4000000381469726    
  AM_Vir      6120-430-1    65344    -16.666263000443212     0.23667397283972497   0.5898170805109987      0.40913775262816765   200.88885618615802   0.43220932786160793   3604450388616968576   11.401582641737654   0.016555471397016328    AB      11.525   0.012      0.205   -1.37    10.197   0.037      10.085    0.0070      -0.2110542545265558    0.2          -1.3100000047683715    
  AT_Vir      4956-24-1     63054    -5.459071727368514      0.19385091011101688   0.15369293786797852     0.3793013554196219    193.7936725170854    0.2674976995218378    3677686040644104320   11.393189758683624   0.016448288265007553    AB      11.335   0.012      0.092   -1.91    10.337   0.042      10.203    0.01        -0.2791794267368743    0.2          -1.8499999666213989    
  AV_Vir      891-239-1     65063    9.187735251762042       0.10219970804406152   0.1434622222459735      0.268295234316348     200.04819876652488   0.2601734434599493    3731723085779316992   11.723881674041065   0.011783405115518767    AB      11.812   0.0090     0.086   -1.32    10.566   0.037      10.488    0.0060      -0.18243462697299667   0.2          -1.2600000524520873    
  BB_Vir      315-1326-1    67653    6.43092677792063        0.25095834664157773   -0.2521739506785768     0.3478937837440398    207.91973442367558   0.36898550385931395   3720468828354785024   11.052291114978686   0.036451806224073235    AB      11.111   0.0070     0.076   -1.61    10.301   0.036      10.353    0.0040      -0.3267947280655336    0.2          -1.5500000143051147    
  BN_Vul      2125-1630-1   95702    24.347203281071952      0.14942951114262001   1.4486984244110086      0.22941674739061657   291.98338774670117   0.12442813849589317   2022835519452349184   10.72194889616501    0.021406709126007527    AB      10.985   0.018      1.283   -1.52    8.665    0.033      8.601     0.0090      -0.22606734151927377   0.2          -1.4599999809265136    
  BV_Aqr      6383-1552-1   108839   -21.525680391005103     0.20934099243628526   0.9213298637832172      0.2629723648961059    330.72498434794784   0.26893083843941057   6820039248616386688   10.885325948240522   0.021563391551235777    C       10.888   0.036      0.103   -1.49    10.01    0.039      9.975     0.0050      -0.31213731813724965   0.2          -1.430000009536743     
  TV_Boo      3038-699-1    69759    42.359779522603084      0.16940643074821737   0.7555271569446628      0.23254661683804673   214.1523992602594    0.15642561204645372   1492230552420859776   10.908804619705002   0.0112656803074294      C       10.999   0.018      0.03    -2.24    10.21    0.034      10.154    0.0040      -0.3780110446672179    0.2          -2.180000009536743     
  AE_Boo      1478-225-1    72342    16.845273048037924      0.19988795756585362   1.211321817788071       0.264173152062825     221.89683443513908   0.19819326984956875   1234729395962169216   10.5261616807417     0.014902093964023465    C       10.664   0.018      0.07    -1.47    9.73     0.034      9.701     0.0060      -0.3746894494975065    0.2          -1.4100000286102294    
  UY_Cam      4369-1129-1   39009    72.78753792227226       0.30848302778839387   1.162743002411162       0.6453136636980613    119.74531869114509   0.4354701739372488    1134921880785295872   11.463204192320626   0.01276559396787275     C       11.534   0.018      0.069   -1.42    10.803   0.034      10.787    0.017       -0.44632610166688247   0.2          -1.3599999570846557    
  ST_CVn      2012-893-1    68188    29.85792809428046       0.14798960024921218   0.22375658377238455     0.35889043242144847   209.39183008825282   0.23338412492393573   1453674734083793152   11.280671801100304   0.00967862207156489     C       11.334   0.018      0.038   -1.23    10.415   0.037      10.401    0.0050      -0.3556721008415987    0.2          -1.1700000190734863    
  YZ_Cap      6347-974-1    105285   -15.11706228294356      0.28666957171694185   0.534710824746086       0.29337379497865307   319.8849917888142    0.2631668733201099    6884361743993904768   11.203986203432892   0.01723334134688777     C       11.297   0.0090     0.192   -1.22    10.392   0.037      10.289    0.011       -0.4360426765237263    0.2          -1.1600000286102294    
  RZ_Cep      4273-949-1    111839   64.85929754213004       0.18580164431297008   2.654761484581531       0.23599714296307966   339.80581194938475   0.20130030690699557   2211629018927324288   9.19376839452929     0.014679856391376832    C       9.459    0.018      0.907   -1.75    7.923    0.037      7.845     0.0030      -0.38346337715920253   0.2          -1.69                  
  U_Com       1992-1477-1   61809    27.49886987956661       0.14719322103376714   0.46038347563683724     0.27534765167880226   190.01308261649098   0.22625919583459372   3962473193054146944   11.770146113185294   0.009328696975247425    C       11.737   0.012      0.044   -1.36    10.937   0.035      10.888    0.0040      -0.4064289138926682    0.2          -1.3000000143051147    
  RV_CrB      2054-5-1      79974    29.71312091468076       0.25441805880898116   0.49848627526266825     0.28180419649536687   244.85760306409216   0.179646229569549     1317846462066886272   11.359562832366619   0.01293025617695584     C       11.424   0.018      0.118   -1.69    10.514   0.034      10.46     0.0040      -0.3522545321640199    0.2          -1.630000057220459     
  CS_Eri      7558-414-1    12199    -42.96331098944815      0.18124320203159602   2.1570605356749657      0.2278313051779488    39.274539435086666   0.14988395096962392   4947090013255935616   8.97376409064448     0.01234868302837807     C       9.009    0.018      0.057   -1.48    8.121    0.04       8.086     0.0050      -0.37968139695506753   0.2          -1.4200000190734863    
  BX_Leo      1438-1575-1   56742    16.54333040231729       0.16003457830842083   0.5329789377885051      0.2762710258674731    174.50847793424876   0.2218427791611829    3972712532526824448   11.476420737237893   0.014949591915523738    C       11.598   0.036      0.07    -1.39    10.605   0.037      10.669    0.0080      -0.31321304509551556   0.2          -1.3299999856948852    
  CG_Lib      6764-290-1    76313    -24.336885338955565     0.22973462667611952   0.6958803918784082      0.440970983870949     233.81972554039785   0.5101940142473286    6238435083998634240   11.427136299417842   0.015946162941114658    C       11.511   0.012      0.914   -1.32    10.224   0.038      10.127    0.0070      -0.3861446336531772    0.2          -1.2600000524520873    
  VZ_Peg      2251-527-1    116942   24.916097189407854      0.12814416602316633   -0.0761216076584853     0.3364471592329141    355.56801669609234   0.30052604180486026   2852346261548304896   11.8107980612774     0.0070485094049089845   C       11.869   0.018      0.137   -1.77    11.039   0.035      11.012    0.0060      -0.3865695383747264    0.2          -1.7099999809265136    
  RU_Psc      1747-1336-1   5803     24.41548764832808       0.16096867209899451   1.4354156464228895      0.29530577552584497   18.60892078881386    0.24523511800587242   294072906063827072    10.16876571048507    0.016692488990347528    C       10.176   0.012      0.132   -1.73    9.107    0.036      9.058     0.0050      -0.28160144240477697   0.2          -1.6700000190734863    
  SS_Psc      1203-549-1    6301     21.72867452532377       0.33321922342381294   1.1104496582128407      0.5054274149565605    20.2181691257621     0.1599549952716208    289662043370304384    10.865291236122367   0.015939188180231895    C       10.979   0.012      0.149   -0.82    10.048   0.036      9.985     0.0050      -0.41375833389910033   0.2          -0.7599999928474426    
  SV_Scl      7003-95-1     8163     -30.059422708595662     0.15647889552081537   0.4396229677092526      0.3227374821932806    26.2485860418856     0.23652473574773483   5022411782439031936   11.297014624047591   0.013593433329803672    C       11.38    0.0090     0.043   -1.75    10.524   0.036      10.484    0.0060      -0.2961980917150943    0.2          -1.69                  
  MT_Tel      8374-757-1    93476    -46.653840942705806     0.21017750855192643   1.427144108324531       0.30962053132720174   285.5503215368903    0.22911692671268055   6662886601414152448   8.94563917477075     0.016928606669446466    C       8.969    0.0090     0.173   -1.81    8.076    0.042      NA        NA          -0.3719407354957906    0.2          -1.749999942779541     
  AM_Tuc      9136-229-1    6115     -67.91816119971497      0.19574196822527723   0.8499091174790486      0.2588846757146017    19.62797257281534    0.2653802447417165    4692528057537147136   11.53907884300861    0.013126803772223682    C       11.619   0.0090     0.069   -1.54    10.61    0.038      10.558    0.0050      -0.2646879415337934    0.2          -1.4799999618530273    
  SX_UMa      3853-589-1    65547    56.256964105056056      0.4218077919071359    0.41501809333263767     0.344613488197094     201.55557215190584   0.20463504454906664   1565435486842373632   10.902159463291303   0.01743824995533504     C       10.859   0.018      0.03    -1.78    10.066   0.035      10.046    0.0040      -0.385578768012645     0.2          -1.7199999713897705    
  AU_Vir      4965-401-1    65445    -6.979403856908628      0.2986741722138669    0.6507123681488177      0.4303615748573816    201.199976096009     0.3682653448494396    3631453500841926272   11.531300113108392   0.021964029168166498    C       11.602   0.012      0.085   -1.55    10.77    0.037      10.746    0.0050      -0.3373261779345433    0.2          -1.4899999523162841    
  CH_Aql      5188-1517-1   101453   -5.647044676448299      0.14459949019134433   0.47229964249774603     0.3815522125350718    308.4257390826216    0.22979957416505634   6908369683465862912   13.559559759711359   0.017451442337724693    AB      13.466   0.012      0.1     -0.88    12.418   0.039      12.435    0.014       -0.40982716622213433   0.2          -0.8199999952316284    
  XZ_Aps      9436-1635-1   72721    -79.6795496074469       0.22353507723337868   0.7120678684629218      0.29840258896592253   223.02216231764027   0.2622163370514513    5773390387558186624   12.297069138922776   0.015458564242591373    AB      12.332   0.012      0.382   -1.57    10.919   0.038      10.815    0.0060      -0.2310660436407172    0.2          -1.5100000524520873    
  IN_Ara      8747-2167-1   88802    -54.60798788444959      0.47476330052541726   0.19458664735604292     0.22941524808250288   271.91745440994356   0.41243006564667783   6653158053812911616   13.190376601989911   0.014945775189256744    AB      13.153   0.036      0.202   -1.75    11.857   0.037      11.758    0.01        -0.19962664117349135   0.2          -1.69                  
  BH_Aur      2397-244-1    24226    33.963042952249836      0.22863076190490486   1.0005656207713403      0.2890921116778661    78.01779471957754    0.23263503689279735   182142003881848832    11.50235258175287    0.012707924721804273    AB      11.797   0.012      1.182   -0.34    9.881    0.037      9.609     0.022       -0.3409399401089559    0.2          -0.2800000035762787    
  RW_Cnc      1958-774-1    45709    29.065329362995183      0.37942909597592367   0.7419826906699889      0.9348923985198622    139.77513890215306   0.7362436276151618    695655337537044864    11.79538628481276    0.027505446878387466    AB      11.838   0.036      0.062   -1.52    10.692   0.035      10.661    0.01        -0.26177456684137007   0.2          -1.4599999809265136    
  UU_Cet      5838-661-1    320      -16.99766981637167      0.12858603661995882   0.5390417125507608      0.2572742923236678    1.0214969570338632   0.20249708688940932   2414817599507403008   11.905096938727258   0.011503835361165355    AB      12.045   0.0070     0.064   -1.32    10.841   0.039      10.749    0.0070      -0.21759905495439094   0.2          -1.2600000524520873    
  RW_Col      7071-298-1    28699    -31.590267399239714     0.19810151402963216   0.02610669323202348     0.21806405072328938   90.91072590766854    0.1690962889456011    2890929498956531072   13.082171126217403   0.01832428789737112     AB      13.316   0.019      0.172   -1.03    12.039   0.04       11.995    0.0050      -0.2630460353634373    0.2          -0.9699999713897705    
  RX_Col      7084-453-1    29528    -37.250118713581585     0.20632233321194307   0.41914895951202474     0.2286378889563243    93.31143007722514    0.17120497900150403   2884776803686161920   12.509650341938677   0.012002162037726       AB      12.688   0.013      0.338   -1.7     11.316   0.038      11.22     0.0070      -0.2263598006717243    0.2          -1.6400000476837158    
  DD_Hya      199-1667-1    40186    2.8346945331665396      0.2545830764252309    0.38555958715481137     0.4029464203833453    123.132545628654     0.3731244204775858    3090871393500268416   12.361602113122744   0.013733503964886946    AB      12.202   0.012      0.0     -1.0     11.21    0.038      11.096    0.026       -0.18829098972514538   0.2          -0.94                  
  IO_Lyr      2627-1159-1   90053    32.95919587898803       0.19653081936280772   0.5944847574451937      0.22432069878137742   275.6582171146149    0.16855408170886343   4593112037219674368   11.638798803517389   0.020109674753826443    AB      11.838   0.036      0.219   -1.52    10.536   0.037      10.485    0.0040      -0.2387489415521561    0.2          -1.4599999809265136    
  SS_Oct      9524-1884-1   108057   -82.77895676584792      0.2560350493379605    0.9031099564922476      0.2836158207749936    328.3972409554164    0.2150599639347066    6345324587928571648   11.739755508456966   0.017315111611470684    AB      11.898   0.018      0.872   -1.6     9.787    0.038      9.712     0.0070      -0.20627942780224495   0.2          -1.5400000238418579    
  V0455_Oph   1017-263-1    89450    12.35223741121641       0.7714693076702492    0.6699002192972074      0.8013941026301208    273.82708845001764   0.6091549641749213    4484858348599494912   12.237396588374594   0.021150988003464197    AB      12.316   0.012      0.498   -1.42    11.093   0.035      10.929    0.0070      -0.34303980826920505   0.2          -1.3599999570846557    
  BN_Pav      9084-1868-1   96581    -60.6110147706075       0.27286760247348113   0.6719325837988352      0.3830687032756472    294.5140863177987    0.2612502728940679    6445351283875384064   12.414648747605145   0.031771279132086744    AB      12.56    0.018      0.223   -1.32    11.269   0.038      11.247    0.02        -0.2462637739548733    0.2          -1.2600000524520873    
  BP_Pav      9097-1105-1   98265    -65.7362386637792       0.20634370077102132   1.020016872852629       0.27668665902235395   299.5002710523719    0.07697144138100821   6428374137148505984   12.466704283967612   0.01533689834953117     AB      12.493   0.018      0.182   -1.48    11.366   0.037      11.288    0.0030      -0.2780246119266008    0.2          -1.4200000190734863    
  EZ_Cep      4521-107-1    18548    81.23970249514957       0.19566322699732647   0.6506341440911501      0.2646344499639721    59.522775359821175   0.22499525422767377   568205137966212096    12.65535060042319    0.01753908916923715     C       12.887   0.018      0.391   -0.45    11.612   0.038      11.351    0.013       -0.2943607807430314    0.2          -0.38999998807907105   
  DM_And      2773-253-1    NA       35.19695640565629       0.11683059535728363   1.1079224264627576      0.33415468445040275   353.0030311502089    0.24363559918204275   1912453760434108928   11.817665946370273   0.012069532650048795    AB      11.943   0.037      0.439   -2.32    10.575   0.038      10.471    0.012       -0.22797183404506072   0.2          -2.259999933242798     
  DR_And      2286-352-1    NA       34.218382263012785      0.13498325434333555   0.19015694757132243     0.3531903264987623    16.29477873162316    0.3720314638126469    315028326379733760    12.450660069754218   0.01754395362790306     AB      12.431   0.037      0.122   -1.48    11.332   0.035      11.257    0.011       -0.27343576852383433   0.2          -1.4200000190734863    
  BS_Aps      9281-1742-1   NA       -71.67108382235249      0.1987944574852043    0.5314364242708943      0.23028663697464774   245.21454080977372   0.15762453638530668   5806921712636471040   12.039229688509188   0.01153253594410549     AB      12.196   0.018      0.244   -1.33    10.885   0.037      10.783    0.0060      -0.23462952155671446   0.2          -1.2700000429153442    
  EL_Aps      9444-2849-1   NA       -76.22108066269983      0.2129690588445418    0.7091694933948848      0.22202732592345115   263.921905045378     0.1493088570405915    5801111515236622336   11.728902740785191   0.009654400203977563    AB      11.896   0.018      0.659   -1.56    10.193   0.037      10.13     0.0060      -0.23672178169473296   0.2          -1.499999942779541     
  LU_Aps      9293-1598-1   NA       -70.3960913243085       0.2630773478206274    0.527673626612057       0.259584739254013     265.79408968589314   0.2005654030377541    5810083117803121152   12.702864668694371   0.010719328438844357    AB      12.92    0.018      0.139   -2.06    11.458   0.037      11.447    0.022       -0.12199552293052328   0.2          -1.999999942779541     
  BO_Aqr      5816-616-1    NA       -12.360662012887705     0.3570200378449816    1.1596901592461877      0.8104815547998366    343.53444557387587   0.4885416463922317    2603947377740412800   12.057073135504728   0.0373106723976908      AB      12.157   0.0070     0.118   -1.8     10.898   0.037      10.853    0.014       -0.1585779416346578    0.2          -1.7399999523162841    
  UU_Boo      2569-519-1    NA       35.11554878824862       0.27783792204746277   0.46981553402902265     0.25811029900148974   229.27186877440224   0.14265576807743033   1290953129206046592   12.332171101537455   0.015877023025136106    AB      12.28    0.035      0.051   -1.92    11.302   0.035      11.266    0.0050      -0.3400838119385203    0.2          -1.8599999570846557    
  U_Cae       7586-270-1    NA       -37.82105220876608      0.27142841691241765   0.2855736345175797      0.26336547785784276   73.31012590652611    0.19595184555224388   4818348918314107264   12.25378130555665    0.017486236772796697    AB      12.145   0.019      0.041   -1.11    11.18    0.037      11.186    0.0060      -0.3769575519905215    0.2          -1.0500000143051147    
  SS_Cnc      1927-426-1    NA       23.25154573673514       0.13195574929200088   0.4241926799307977      0.34062324603812894   121.60662046356029   0.2272497193517579    680218812758449280    12.142800857272391   0.027073148489437444    AB      12.22    0.035      0.136   -0.07    11.212   0.035      11.144    0.0060      -0.43486085919062806   0.2          -0.010000000298023226  
  Z_CVn       3023-942-1    NA       43.77352178046455       0.19314812529586756   0.7496999679976358      0.27524641919113596   192.43904066272094   0.12266850995508319   1528760795461189888   11.79326993402989    0.010697776178128483    AB      11.98    0.035      0.043   -1.98    10.704   0.034      10.658    0.0040      -0.18442226212511453   0.2          -1.9200000190734863    
  AL_CMi      192-43-1      NA       5.636451702150631       0.14858222413444175   1.1228654736367671      0.4043610796122988    117.23772503336598   0.3089182762560489    3143813565573130880   11.840124332705397   0.01217534481594583     AB      11.931   0.013      0.024   -0.85    10.767   0.037      10.715    0.0080      -0.25916379903571707   0.2          -0.7900000238418579    
  IU_Car      8548-1214-1   NA       -59.59547331319786      0.2739575117834525    0.3730434154703935      0.31533270351611575   103.28105465728227   0.1702953197223271    5480600096166907776   11.880984148105396   0.020531217925721042    AB      11.935   0.0090     0.259   -1.85    10.483   0.037      10.344    0.0040      -0.13247358576600396   0.2          -1.7900000238418579    
  BI_Cen      8642-1380-1   NA       -59.377906427896995     0.1600157795124104    0.317702198912914       0.27687552129777027   176.47744396422073   0.21930855754644676   5335614747719701632   11.899947039481248   0.02307102787475804     AB      11.955   0.036      0.626   -0.83    10.513   0.037      10.366    0.0030      -0.34371008688236027   0.2          -0.7699999833106994    
  V0671_Cen   7278-390-1    NA       -37.4412231140088       0.20059621987350723   0.4719104301328101      0.44601110915953307   205.0403804536045    0.5280908954591226    6163494948428593280   12.308305371915392   0.012613405885534354    AB      12.378   0.019      0.0     -1.4     11.063   0.038      11.005    0.0050      -0.10840679517258799   0.2          -1.339999976158142     
  DX_Cep      4650-982-1    NA       83.95066567435434       0.2020271610139039    0.9604793853253464      0.3723896055051671    341.08054874320277   0.2736293771909962    2299963989259501056   12.16032708561874    0.017657317436380788    AB      12.37    0.037      1.097   -1.83    10.427   0.036      10.328    0.0050      -0.27893171481394724   0.2          -1.7700000429153442    
  RY_Com      1993-2658-1   NA       23.27842319179859       0.20374994013793182   0.3306563539587871      0.43277351437858974   196.2832252739355    0.3744486787997081    3944929145003343616   12.477926546334427   0.02294661617467426     AB      12.385   0.012      0.041   -1.65    11.427   0.036      11.399    0.0070      -0.3288271464669002    0.2          -1.589999976158142     
  WW_CrA      7911-1078-1   NA       -43.832715836269536     0.6580868386479727    0.4363404158677414      0.24924149716741842   271.40321412013117   0.6922095831119818    6723991376017059200   11.799373481435245   0.02076945837417209     AB      12.11    0.036      0.325   -1.38    10.782   0.036      10.669    0.0070      -0.25219992542135233   0.2          -1.3199999952316284    
  DM_Cyg      2707-757-1    NA       32.191295401320296      0.36342631718364454   0.7372722890892157      0.4689704903678353    320.29809930970526   0.16364178565670678   1853751143864356736   11.521788590147795   0.011188835876034165    AB      11.53    0.018      0.3     -0.14    10.287   0.034      10.228    0.024       -0.2003837941387921    0.2          -0.08000000059604645   
  RX_For      6442-690-1    NA       -26.483056255996114     0.2897507561381682    0.3927653842509957      0.28046499269656716   47.80511834478474    0.2448260854320414    5073412491854346880   12.001918322444338   0.015442956334534802    AB      11.959   0.0090     0.043   -1.26    10.929   0.038      10.843    0.0060      -0.22395291466786016   0.2          -1.1999999904632568    
  SW_For      7560-526-1    NA       -38.12871677677551      0.1834916660091204    0.16135774595219757     0.2596871599801565    45.286361212548975   0.16210617892446047   5045760839567585152   12.192827026169997   0.011183964556895432    AB      12.341   0.018      0.048   -1.95    11.059   0.039      10.97     0.0050      -0.09485200525473518   0.2          -1.8900000476837158    
  RR_Gru      7992-369-1    NA       -44.686705362058355     0.22244498685158726   0.38765723197152474     0.2832412946977467    324.51483529051177   0.18176419806093408   6565527904791301504   12.364457166382152   0.012980463481000626    AB      12.438   0.036      0.066   -0.45    11.349   0.037      11.231    0.014       -0.25766771014646267   0.2          -0.38999998807907105   
  UW_Gru      8822-225-1    NA       -54.558083317432875     0.23391157972312307   0.06781341089492167     0.22865551123742422   335.0545960338159    0.15039184963241567   6508563375587983232   13.231625237945778   0.013729022791254052    AB      13.248   0.036      0.064   -1.68    12.175   0.04       12.051    0.0070      -0.26098173205938957   0.2          -1.6199999475479125    
  CW_Her      2597-581-1    NA       35.45142465530582       0.26291306577736767   0.44604426641547523     0.23335018861572512   252.65925721246975   0.19217572778509845   1327053634999596160   12.478372559498007   0.016046821280446082    AB      12.54    0.037      0.057   -2.09    11.393   0.038      11.378    0.0040      -0.20488501695864847   0.2          -2.0299999141693115    
  GY_Her      3063-1333-1   NA       37.80139439567095       0.3347055952574019    0.3249650139897842      0.34811009241917296   249.5751952068456    0.1697596327133181    1328420087434496896   12.700816924027245   0.020099616235760284    AB      12.64    0.037      0.039   -1.92    11.864   0.037      11.579    0.0060      -0.2804201595073828    0.2          -1.8599999570846557    
  CQ_Lac      3204-359-1    NA       39.72011932202802       0.30155471510341075   1.6241259088940263      0.4173263733304795    335.2933635936435    0.34816922447052695   1956961303931536384   12.35914815477923    0.028623157328627406    AB      12.447   0.019      0.282   -2.04    11.091   0.036      11.036    0.0070      -0.20760830716162118   0.2          -1.9799999618530273    
  RX_Leo      1983-539-1    NA       26.61488535068877       0.34561704063549903   0.6359049113046         0.564069552896871     170.99320373472855   0.3066134878503132    3994645453038686464   11.785962576004783   0.011376134790812455    AB      11.948   0.018      0.051   -1.38    10.741   0.035      10.628    0.0080      -0.18482086726168404   0.2          -1.3199999952316284    
  AA_Leo      860-368-1     NA       10.327215744124775      0.18161134257139344   1.346636266095421       0.6936849973465533    174.809264013205     0.34255834053488543   3915944059990205696   12.311046157073806   0.01948660695980512     AB      12.332   0.012      0.115   -1.47    11.207   0.039      11.155    0.019       -0.222790751331857     0.2          -1.4100000286102294    
  AE_Leo      1437-734-1    NA       17.660909947645898      0.2627104767490259    0.17052438879242016     0.5998033002898312    171.55086118675155   0.3363539209399428    3976785295394882688   12.33171356589579    0.02953442029910191     AB      12.43    0.019      0.071   -1.71    11.416   0.037      11.269    0.042       -0.20287101174090302   0.2          -1.6500000381469726    
  AN_Leo      270-519-1     NA       6.634638055112292       0.2566059860533903    1.161584355832255       0.9669483555466166    170.84367214685827   0.4744507941366163    3817504852675061888   12.401093032082958   0.01221520076595327     AB      12.528   0.012      0.186   -1.14    11.041   0.039      11.167    0.0090      -0.24252806461398763   0.2          -1.0799999856948852    
  X_LMi       3000-744-1    NA       39.357841150629625      0.1949179127887868    -0.836759943102622      0.7983875239463467    151.52808194129884   0.9850743106593157    803407442699793920    12.297169562299025   0.019018655898828753    AB      12.355   0.018      0.046   -1.68    11.205   0.033      11.087    0.01        -0.16468998515160688   0.2          -1.6199999475479125    
  RZ_Lyr      2641-1678-1   NA       32.79842247471982       0.3287264503126559    0.39991494413800716     0.3117997504509791    280.9079163007055    0.1853700606345935    2090986686116693504   11.707919996265211   0.02138762000337023     AB      11.558   0.018      0.265   -2.13    10.464   0.036      10.37     0.0040      -0.2912392895918073    0.2          -2.070000114440918     
  Y_Oct       9521-425-1    NA       -88.64546299588655      0.14840802297023983   0.6536152890906578      0.32391167313462865   217.26406076516108   0.2492095069649704    5764934181067920256   12.115084470623456   0.017373321711110144    AB      12.302   0.018      0.383   -1.52    10.909   0.037      10.783    0.0060      -0.18936429434389648   0.2          -1.4599999809265136    
  UW_Oct      9482-15-1     NA       -80.56227583692645      0.3648877067192095    0.9549172024894435      0.48286700908160873   326.1590483903642    0.20644743413558753   6354668581338232576   11.712413783242003   0.01723750731921057     AB      11.825   0.036      0.516   -0.49    10.382   0.038      10.211    0.0040      -0.35212823539260124   0.2          -0.43000000953674317   
  TY_Pav      9058-2328-1   NA       -62.60008023790545      0.1914599906954058    0.3427714498195631      0.27995772061087715   267.1783800508959    0.13448011981888908   5909759310058062208   12.432813509621175   0.013501490209937234    AB      12.604   0.012      0.297   -2.31    11.253   0.038      11.079    0.0060      -0.14849705620792197   0.2          -2.249999942779541     
  BH_Pav      9077-2070-1   NA       -65.45084021792871      0.1946956736352629    0.4484271133910829      0.2643133261892138    278.6689369678841    0.15172689233930847   6437477681110756736   12.468747144005976   0.0156802479695296      AB      12.48    0.036      0.306   -1.6     11.285   0.04       11.249    0.0080      -0.3214816226964709    0.2          -1.5400000238418579    
  DZ_Peg      1713-1366-1   NA       16.068520531726787      0.19515546981851029   1.4064074119578591      0.8816417519827721    350.02936078483907   0.49674490230745294   2817589255885467520   11.947687801209373   0.023641658858828855    AB      11.955   0.018      0.117   -1.52    10.89    0.035      10.734    0.0090      -0.21645370579866904   0.2          -1.4599999809265136    
  RY_Psc      4664-143-1    NA       -1.7487315564537365     0.27731848453163394   -0.14899358827035214    0.6700694075115395    2.921422032711087    0.6042347655479188    2544592853854602496   12.240346422129136   0.017872982908017893    AB      12.342   0.012      0.094   -1.39    11.143   0.039      11.11     0.0070      -0.2758880478368316    0.2          -1.3299999856948852    
  X_Ret       8866-1496-1   NA       -65.05507999958256      0.24941489282993995   0.4432025079402619      0.3434075923853368    51.334117997336605   0.2163252196414026    4672142012446071040   11.71382399731003    0.015919891714033976    AB      11.728   0.012      0.136   -1.32    10.631   0.038      10.563    0.0040      -0.30794663462925953   0.2          -1.2600000524520873    
  V0796_Sgr   7937-1579-1   NA       -40.456498166070034     0.21845124015860037   1.176244282453488       0.8747658462623111    296.66641853674616   0.45142396756056336   6688967566980810752   11.903335945708712   0.02083616868015453     AB      12.141   0.036      0.201   -1.87    10.772   0.038      10.675    0.0060      -0.20377266974786035   0.2          -1.8100000047683715    
  V1645_Sgr   7953-1362-1   NA       -41.118450282434964     0.18071637994155032   0.2565697872922209      0.42276423731158735   305.1854723274281    0.22950301713863708   6680420204104678272   11.32796213633964    0.02406192605314866     AB      11.378   0.036      0.173   -1.74    10.258   0.038      10.17     0.0070      -0.25727488966621326   0.2          -1.680000009536743     
  V1646_Sgr   7442-1549-1   NA       -31.295205890592413     0.13614019656647502   0.23081004098905408     0.3810681209886987    305.7863490543101    0.19406900444784214   6796320308904070016   11.97339961962439    0.02428454687196889     AB      12.083   0.036      0.204   -1.41    10.781   0.038      10.768    0.012       -0.2640021212327764    0.2          -1.3499999666213989    
  UZ_Scl      7507-715-1    NA       -30.119412072290118     0.4479140864656303    1.1594674750283058      0.950687242800306     350.69599213227565   0.31448011580621904   2329707050101123712   12.112329226043933   0.0443727325140266      AB      12.318   0.012      0.044   -1.14    11.367   0.037      11.262    0.0090      -0.34756024821534715   0.2          -1.0799999856948852    
  AE_Scl      6999-1283-1   NA       -32.30987832259417      0.1422093332145314    0.3749970883075122      0.24811419014032454   16.85763086776459    0.16165436691198024   5027734380789950976   12.384108363229585   0.01637750240624378     AB      12.445   0.036      0.057   -1.89    11.364   0.037      11.31     0.0060      -0.2594794253884791    0.2          -1.8299999856948852    
  AV_Ser      366-711-1     NA       0.5991271864899358      0.19283320714013408   0.7780738710260979      0.3775666811111959    240.9243011035141    0.3066600404130821    4410058469479744000   11.50527142033307    0.014727075848918593    AB      11.484   0.0090     0.514   -1.2     10.014   0.037      10.011    0.015       -0.31193630420036794   0.2          -1.1400000476837158    
  HH_Tel      8389-1466-1   NA       -45.663682114196796     0.11429482796552645   0.4347135491088054      0.24340254192228752   293.3345171077175    0.16684118301487433   6660781552043047424   12.15700475854536    0.016001065124301727    AB      12.297   0.036      0.192   -1.02    11.074   0.037      10.938    0.0070      -0.31686285958228005   0.2          -0.9599999809265136    
  HY_Tel      8780-192-1    NA       -55.23394218952154      0.19660228383145117   0.40581908634175645     0.25822126265857515   302.0559087064839    0.18718914610267015   6472840586399564032   12.47260397409623    0.02771468800486323     AB      12.668   0.036      0.137   -0.17    11.587   0.036      11.513    0.014       -0.39491054485339844   0.2          -0.11000000178813935   
  YY_Tuc      8837-411-1    NA       -58.335442851631626     0.23979396571976022   0.4721887878874582      0.29130611880798946   347.7524178192599    0.19546943148031937   6492356127518044800   12.032004264347808   0.012590720788420492    AB      11.993   0.0090     0.05    -1.82    10.912   0.039      10.873    0.028       -0.19722628123047306   0.2          -1.7600000524520873    
  BK_Tuc      9345-132-1    NA       -72.54446075791272      0.1981982514822456    0.4165234983434079      0.2434778440167476    352.3891610791731    0.22998467596699337   6380659524390970752   12.783991843763033   0.01636910018237922     AB      12.789   0.036      0.076   -1.82    11.721   0.038      11.592    0.0080      -0.2595583325382418    0.2          -1.7600000524520873    
  FS_Vel      7735-975-1    NA       -43.98811610558822      0.13207516590549345   0.8609361895927354      0.29199790935186615   161.50147742456244   0.1844488323565791    5390917846133815040   11.940571193987282   0.02364130735491854     AB      12.097   0.018      0.805   -1.17    10.429   0.038      10.338    0.0060      -0.32257555537841803   0.2          -1.1099999570846557    
  UV_Vir      282-632-1     NA       0.3674050287728313      0.36799096432007855   -0.005407291843577244   0.8397524839331735    185.31961722474585   0.8113898203697313    3699778115464435456   11.808564685791868   0.019706062789847524    AB      11.919   0.012      0.075   -1.19    10.865   0.04       10.716    0.01        -0.2312139634604801    0.2          -1.130000057220459     
  AS_Vir      5538-115-1    NA       -10.260277836096474     0.34396128190727115   0.8821818554575135      0.7815380589262831    193.19117695032435   0.8636160587085637    3626569264033312896   11.874297394166721   0.020226883291204718    AB      11.982   0.012      0.112   -1.49    10.773   0.038      10.676    0.0070      -0.25688237740425424   0.2          -1.430000009536743     
  BC_Vir      306-647-1     NA       5.886303190160833       0.1913532502747833    0.5959439463415728      0.512547759281213     200.58810548287317   0.4592946196711862    3717352881121133568   12.097622769490314   0.027318892055476766    AB      12.121   0.012      0.104   -1.5     11.125   0.038      11.001    0.01        -0.24825913323140328   0.2          -1.44                  
  RW_Ari      1217-1508-1   NA       17.53298689199975       0.28755398861325615   0.5381953459833388      0.469493525140008     34.01547801948078    0.6262405273482317    80556921999940096     12.130158666190896   0.009117706499019256    C       12.359   0.018      0.257   -1.11    11.176   0.036      11.111    0.0060      -0.3235062758579529    0.2          -1.0500000143051147    
  DQ_Lyn      2482-5-1      NA       37.46955491401279       0.23435263603749973   0.9883772565983073      0.5382442724295565    125.92082228473389   0.3176541701352689    905055196743761152    11.33609358675789    0.007924647465749278    C       11.412   0.041      0.138   -1.58    10.44    0.034      10.367    0.0090      -0.17848255656624556   0.2          -1.5200000429153442    
  AO_Tuc      8470-493-1    NA       -59.48523357963277      0.18730210329293984   0.6964851824702034      0.24333301834204538   1.0265024839408183   0.23516671463873265   4918030711207756032   11.167776610105193   0.009454705116153393    C       11.107   0.018      0.031   -1.25    10.364   0.038      10.298    0.0060      -0.35016469354684426   0.2          -1.19                  
